11 
17 
23 
23 
23 
24 
27 
35 
37 
59 
60 
63 
65 
71 
73 
74 
75 
76 
82 
87 
89 
89 
93 
97 
106 
113 
114 
118 
124 
126 
129 
133 
135 
137 
140 
151 
159 
166 
168 
169 
175 
176 
182 
189 
189 
190 
194 
201 
203 
205 
206 
206 
207 
207 
208 
214 
224 
226 
231 
231 
232 
236 
240 
248 
253 
256 
272 
278 
286 
292 
293 
294 
298 
299 
301 
305 
310 
314 
315 
317 
322 
332 
336 
340 
341 
344 
348 
351 
352 
354 
358 
363 
366 
371 
381 
388 
391 
391 
398 
399 
400 
402 
415 
416 
423 
428 
438 
454 
456 
464 
465 
473 
475 
475 
480 
480 
483 
486 
487 
498 
501 
502 
506 
508 
509 
512 
513 
520 
528 
537 
540 
545 
548 
548 
550 
554 
554 
558 
559 
567 
571 
571 
575 
579 
582 
585 
587 
588 
599 
600 
602 
611 
611 
612 
619 
624 
632 
633 
638 
641 
645 
652 
653 
655 
655 
655 
664 
665 
673 
674 
680 
681 
692 
700 
709 
720 
720 
729 
729 
733 
739 
743 
746 
746 
748 
749 
750 
752 
756 
757 
758 
759 
765 
765 
771 
781 
782 
789 
790 
795 
798 
802 
802 
802 
807 
809 
814 
815 
816 
816 
817 
818 
823 
825 
827 
832 
837 
837 
837 
840 
842 
842 
848 
854 
867 
867 
899 
910 
911 
911 
914 
916 
934 
937 
938 
938 
939 
946 
950 
952 
955 
957 
957 
960 
970 
971 
973 
978 
978 
983 
984 
1003 
1005 
1007 
1010 
1023 
1 
5 
5 
7 
8 
26 
37 
50 
51 
57 
64 
67 
69 
75 
82 
82 
84 
90 
106 
118 
126 
127 
127 
127 
132 
133 
144 
149 
150 
153 
155 
157 
158 
165 
166 
169 
170 
172 
172 
173 
182 
182 
185 
185 
190 
197 
200 
201 
206 
207 
213 
222 
224 
224 
225 
227 
230 
232 
235 
238 
242 
242 
243 
244 
247 
256 
257 
267 
268 
270 
271 
273 
277 
292 
295 
304 
305 
309 
311 
319 
322 
324 
330 
331 
335 
336 
339 
339 
345 
348 
351 
352 
353 
359 
363 
371 
372 
379 
382 
383 
386 
388 
390 
390 
392 
402 
402 
414 
416 
417 
422 
425 
426 
436 
437 
440 
441 
444 
446 
459 
474 
476 
478 
478 
479 
493 
493 
500 
503 
514 
516 
521 
531 
532 
532 
537 
547 
547 
551 
552 
557 
560 
563 
564 
567 
567 
576 
584 
584 
603 
606 
614 
616 
617 
619 
619 
623 
625 
629 
630 
633 
635 
635 
638 
639 
642 
647 
650 
652 
654 
656 
662 
664 
669 
672 
689 
703 
706 
717 
721 
721 
721 
722 
724 
733 
741 
757 
763 
768 
768 
771 
777 
777 
782 
783 
788 
793 
800 
806 
807 
810 
811 
819 
823 
828 
830 
832 
834 
838 
839 
852 
856 
856 
863 
864 
864 
865 
866 
869 
881 
882 
882 
887 
900 
904 
906 
908 
908 
910 
919 
931 
933 
935 
936 
945 
947 
948 
952 
963 
963 
963 
966 
973 
985 
986 
991 
991 
991 
995 
995 
996 
1000 
1002 
1003 
1007 
1010 
0 
3 
9 
14 
21 
21 
33 
33 
37 
43 
50 
56 
56 
62 
71 
74 
78 
81 
82 
88 
89 
93 
93 
96 
99 
99 
100 
105 
112 
115 
121 
124 
127 
130 
133 
141 
143 
146 
147 
149 
150 
150 
153 
153 
155 
157 
157 
161 
161 
169 
170 
171 
172 
174 
180 
181 
182 
183 
184 
186 
189 
192 
196 
199 
201 
208 
209 
214 
230 
231 
234 
241 
241 
254 
275 
284 
288 
290 
292 
293 
296 
298 
304 
305 
311 
313 
314 
317 
317 
325 
325 
327 
333 
341 
346 
358 
358 
361 
365 
371 
374 
375 
377 
382 
384 
384 
394 
399 
406 
411 
413 
414 
430 
432 
438 
447 
449 
449 
450 
453 
463 
463 
463 
472 
489 
506 
507 
507 
509 
513 
516 
517 
519 
532 
534 
538 
538 
540 
546 
548 
555 
568 
570 
570 
575 
582 
585 
588 
593 
597 
598 
604 
605 
607 
607 
608 
608 
610 
617 
625 
626 
632 
634 
640 
641 
662 
677 
686 
688 
688 
690 
698 
699 
703 
704 
706 
709 
709 
710 
713 
713 
721 
724 
724 
724 
730 
733 
734 
743 
750 
751 
772 
782 
784 
786 
792 
795 
806 
810 
813 
813 
817 
826 
827 
830 
840 
840 
840 
843 
845 
848 
857 
859 
866 
867 
871 
874 
877 
881 
884 
886 
890 
892 
894 
896 
900 
900 
900 
904 
906 
909 
918 
923 
924 
928 
937 
938 
939 
940 
942 
951 
960 
965 
968 
968 
977 
980 
981 
990 
1001 
1007 
1013 
1019 
1019 
1020 
1021 
3 
5 
25 
30 
44 
49 
50 
50 
56 
68 
74 
76 
85 
86 
90 
96 
109 
110 
115 
116 
121 
130 
133 
135 
141 
147 
147 
148 
150 
155 
174 
183 
192 
193 
193 
199 
202 
205 
207 
208 
215 
217 
220 
224 
227 
234 
234 
234 
234 
247 
260 
262 
265 
273 
285 
287 
287 
288 
289 
290 
292 
292 
293 
295 
312 
317 
322 
331 
334 
335 
340 
343 
345 
349 
350 
353 
356 
360 
364 
379 
384 
384 
395 
395 
403 
405 
408 
413 
413 
414 
417 
419 
422 
426 
434 
437 
457 
462 
464 
466 
466 
471 
476 
478 
487 
490 
492 
508 
508 
508 
510 
513 
519 
520 
523 
525 
528 
533 
540 
541 
545 
555 
555 
558 
558 
559 
563 
563 
564 
565 
568 
568 
569 
571 
576 
579 
583 
587 
589 
591 
595 
605 
610 
612 
613 
614 
621 
621 
625 
625 
625 
625 
633 
641 
642 
645 
646 
647 
652 
652 
659 
660 
660 
661 
666 
668 
674 
675 
677 
683 
694 
700 
706 
707 
712 
715 
718 
724 
726 
732 
736 
737 
740 
743 
743 
745 
750 
751 
751 
752 
775 
781 
785 
791 
796 
800 
802 
803 
805 
805 
805 
809 
811 
817 
817 
823 
825 
826 
829 
831 
833 
834 
835 
840 
841 
850 
853 
857 
859 
862 
862 
871 
878 
884 
889 
892 
897 
914 
918 
918 
918 
925 
927 
933 
935 
937 
941 
943 
949 
953 
956 
962 
966 
972 
981 
985 
997 
997 
999 
1000 
1003 
1004 
1008 
1017 
1017 
1023 
